0 0.42213541666666665 0.4986111111111111 0.015104166666666667 0.062037037037037036
0 0.9611979166666667 0.36157407407407405 0.058854166666666666 0.03611111111111111
0 0.8802083333333334 0.47824074074074074 0.053125 0.0787037037037037
0 0.08515625 0.725925925925926 0.03802083333333333 0.03333333333333333
0 0.16744791666666667 0.6416666666666667 0.03802083333333333 0.037037037037037035
0 0.22161458333333334 0.6152777777777778 0.03697916666666667 0.03425925925925926
0 0.13958333333333334 0.55 0.03958333333333333 0.04259259259259259
0 0.49609375 0.5699074074074074 0.0171875 0.06018518518518518
0 0.46119791666666665 0.27175925925925926 0.015104166666666667 0.06574074074074074
0 0.4036458333333333 0.287962962962963 0.017708333333333333 0.06666666666666667
0 0.5072916666666667 0.7759259259259259 0.0125 0.06851851851851852
0 0.7018229166666666 0.4828703703703704 0.03697916666666667 0.032407407407407406
0 0.76328125 0.4912037037037037 0.04010416666666667 0.030555555555555555
0 0.82734375 0.5101851851851852 0.03697916666666667 0.027777777777777776
0 0.8966145833333333 0.5282407407407408 0.04010416666666667 0.032407407407407406
0 0.4934895833333333 0.3148148148148148 0.0265625 0.2611111111111111
0 0.18697916666666667 0.687962962962963 0.10625 0.08148148148148149
0 0.4625 0.9162037037037037 0.03125 0.16018518518518518
0 0.4049479166666667 0.7125 0.019270833333333334 0.10462962962962963
