0 0.41015625 0.9671296296296297 0.0171875 0.062037037037037036
0 0.9700520833333334 0.5541666666666667 0.044270833333333336 0.03796296296296296
0 0.9572916666666667 0.5125 0.036458333333333336 0.03611111111111111
0 0.7791666666666667 0.46111111111111114 0.1 0.05740740740740741
0 0.9010416666666666 0.49212962962962964 0.035416666666666666 0.028703703703703703
0 0.8552083333333333 0.48564814814814816 0.0375 0.032407407407407406
0 0.9005208333333333 0.5393518518518519 0.041666666666666664 0.032407407407407406
0 0.771875 0.6162037037037037 0.03229166666666667 0.030555555555555555
0 0.7075520833333333 0.5467592592592593 0.034895833333333334 0.030555555555555555
0 0.75703125 0.5537037037037037 0.0390625 0.03148148148148148
0 0.81484375 0.5208333333333334 0.033854166666666664 0.032407407407407406
0 0.7622395833333333 0.5074074074074074 0.03697916666666667 0.03333333333333333
0 0.7 0.5009259259259259 0.03854166666666667 0.03148148148148148
0 0.39895833333333336 0.13657407407407407 0.014583333333333334 0.06388888888888888
0 0.47421875 0.42407407407407405 0.016145833333333335 0.06481481481481481
0 0.428125 0.33194444444444443 0.015625 0.05648148148148148
0 0.36276041666666664 0.3574074074074074 0.0234375 0.06296296296296296
0 0.4075520833333333 0.4824074074074074 0.016145833333333335 0.05925925925925926
0 0.43072916666666666 0.5888888888888889 0.015625 0.06481481481481481
0 0.48046875 0.7013888888888888 0.0171875 0.05648148148148148
0 0.4125 0.737037037037037 0.016666666666666666 0.06666666666666667
0 0.26015625 0.49953703703703706 0.034895833333333334 0.03796296296296296
0 0.22291666666666668 0.6236111111111111 0.0375 0.03611111111111111
0 0.22395833333333334 0.6717592592592593 0.0375 0.032407407407407406
0 0.16510416666666666 0.6958333333333333 0.059375 0.049074074074074076
0 0.6979166666666666 0.45231481481481484 0.05625 0.03611111111111111
0 0.9625 0.38333333333333336 0.06041666666666667 0.03518518518518519
0 0.4588541666666667 0.9490740740740741 0.028125 0.0962962962962963
