0 0.46875 0.9578703703703704 0.01875 0.0712962962962963
0 0.33880208333333334 0.4361111111111111 0.033854166666666664 0.05925925925925926
0 0.19557291666666668 0.5569444444444445 0.043229166666666666 0.04722222222222222
0 0.23880208333333333 0.6319444444444444 0.04010416666666667 0.03796296296296296
0 0.4361979166666667 0.6296296296296297 0.0203125 0.06851851851851852
0 0.48125 0.6611111111111111 0.017708333333333333 0.05925925925925926
0 0.37421875 0.19398148148148148 0.015104166666666667 0.06388888888888888
0 0.5080729166666667 0.2212962962962963 0.019270833333333334 0.06666666666666667
0 0.4609375 0.10601851851851851 0.015625 0.06018518518518518
0 0.7125 0.45046296296296295 0.03958333333333333 0.028703703703703703
0 0.7091145833333333 0.49675925925925923 0.03802083333333333 0.026851851851851852
0 0.7013020833333333 0.5398148148148149 0.0359375 0.02962962962962963
0 0.75859375 0.5467592592592593 0.0390625 0.028703703703703703
0 0.8200520833333333 0.5601851851851852 0.03697916666666667 0.02962962962962963
0 0.8341145833333333 0.512962962962963 0.04010416666666667 0.03518518518518519
0 0.8815104166666666 0.5199074074074074 0.04010416666666667 0.03425925925925926
0 0.76796875 0.5037037037037037 0.03802083333333333 0.02962962962962963
0 0.96875 0.3574074074074074 0.06041666666666667 0.04259259259259259
0 0.13385416666666666 0.7416666666666667 0.109375 0.08703703703703704
0 0.04609375 0.775 0.0390625 0.037037037037037035
0 0.07708333333333334 0.7125 0.041666666666666664 0.04351851851851852
0 0.13515625 0.6865740740740741 0.03697916666666667 0.03425925925925926
0 0.19270833333333334 0.6601851851851852 0.03958333333333333 0.04259259259259259
0 0.22265625 0.7027777777777777 0.0390625 0.04259259259259259
0 0.41432291666666665 0.7699074074074074 0.018229166666666668 0.07314814814814814
0 0.49192708333333335 0.8518518518518519 0.018229166666666668 0.07037037037037037
0 0.44765625 0.9263888888888889 0.018229166666666668 0.07314814814814814
0 0.5059895833333333 0.02175925925925926 0.016145833333333335 0.04351851851851852
0 0.9841145833333333 0.5680555555555555 0.03177083333333333 0.025
