0 0.39609375 0.10462962962962963 0.016145833333333335 0.07037037037037037
0 0.39765625 0.02638888888888889 0.018229166666666668 0.03796296296296296
0 0.8604166666666667 0.5203703703703704 0.04791666666666667 0.08518518518518518
0 0.9609375 0.35462962962962963 0.06145833333333333 0.040740740740740744
0 0.7830729166666667 0.6328703703703704 0.03802083333333333 0.030555555555555555
0 0.7239583333333334 0.5310185185185186 0.03854166666666667 0.03611111111111111
0 0.7020833333333333 0.47824074074074074 0.0375 0.028703703703703703
0 0.7627604166666667 0.48842592592592593 0.04114583333333333 0.032407407407407406
0 0.8143229166666667 0.5032407407407408 0.0390625 0.030555555555555555
0 0.8984375 0.5226851851851851 0.03854166666666667 0.032407407407407406
0 0.9416666666666667 0.4810185185185185 0.0375 0.032407407407407406
0 0.1671875 0.6412037037037037 0.0375 0.03611111111111111
0 0.22109375 0.6143518518518518 0.0359375 0.03425925925925926
0 0.08463541666666667 0.7291666666666666 0.0390625 0.03425925925925926
0 0.46197916666666666 0.9004629629629629 0.030208333333333334 0.1935185185185185
0 0.18619791666666666 0.6856481481481481 0.1046875 0.0824074074074074
0 0.40625 0.6166666666666667 0.1 0.22592592592592592
0 0.41796875 0.08101851851851852 0.016145833333333335 0.06574074074074074
0 0.028125 0.7615740740740741 0.03854166666666667 0.041666666666666664
0 0.3684895833333333 0.1125 0.015104166666666667 0.06574074074074074
