0 0.67734375 0.4361111111111111 0.03802083333333333 0.02962962962962963
0 0.7416666666666667 0.4550925925925926 0.03958333333333333 0.030555555555555555
0 0.7075520833333333 0.49537037037037035 0.03697916666666667 0.02962962962962963
0 0.7653645833333333 0.5027777777777778 0.03697916666666667 0.027777777777777776
0 0.7565104166666666 0.5472222222222223 0.04010416666666667 0.027777777777777776
0 0.6989583333333333 0.5393518518518519 0.035416666666666666 0.028703703703703703
0 0.6005208333333333 0.41203703703703703 0.034375 0.03518518518518519
0 0.47734375 0.4 0.016145833333333335 0.06481481481481481
0 0.5203125 0.3106481481481482 0.027083333333333334 0.06388888888888888
0 0.47552083333333334 0.06481481481481481 0.017708333333333333 0.06666666666666667
0 0.022395833333333334 0.7337962962962963 0.041666666666666664 0.04537037037037037
0 0.81953125 0.5597222222222222 0.04010416666666667 0.026851851851851852
0 0.8307291666666666 0.5115740740740741 0.03958333333333333 0.028703703703703703
0 0.8783854166666667 0.5199074074074074 0.04114583333333333 0.030555555555555555
0 0.9674479166666666 0.36018518518518516 0.058854166666666666 0.040740740740740744
0 0.6671875 0.611574074074074 0.0375 0.028703703703703703
0 0.5736979166666667 0.6097222222222223 0.04010416666666667 0.04722222222222222
0 0.4822916666666667 0.6069444444444444 0.017708333333333333 0.06574074074074074
0 0.4348958333333333 0.663425925925926 0.01875 0.07685185185185185
0 0.4114583333333333 0.8231481481481482 0.01875 0.06666666666666667
0 0.4427083333333333 0.8944444444444445 0.017708333333333333 0.06851851851851852
0 0.48723958333333334 0.812037037037037 0.018229166666666668 0.06666666666666667
0 0.46875 0.9578703703703704 0.019791666666666666 0.07685185185185185
0 0.03958333333333333 0.774537037037037 0.03854166666666667 0.041666666666666664
0 0.12760416666666666 0.7416666666666667 0.109375 0.08518518518518518
0 0.13619791666666667 0.6824074074074075 0.03802083333333333 0.03333333333333333
0 0.19322916666666667 0.6569444444444444 0.03854166666666667 0.03981481481481482
0 0.2390625 0.6291666666666667 0.03854166666666667 0.03796296296296296
0 0.22265625 0.6990740740740741 0.04010416666666667 0.040740740740740744
0 0.26197916666666665 0.5069444444444444 0.035416666666666666 0.041666666666666664
0 0.39817708333333335 0.3731481481481482 0.016145833333333335 0.06296296296296296
0 0.42265625 0.26296296296296295 0.016145833333333335 0.06666666666666667
0 0.39453125 0.1587962962962963 0.019270833333333334 0.0824074074074074
0 0.5033854166666667 0.01574074074074074 0.019270833333333334 0.03148148148148148
