0 0.9609375 0.38055555555555554 0.06145833333333333 0.03518518518518519
0 0.9424479166666667 0.5458333333333333 0.04010416666666667 0.032407407407407406
0 0.8294270833333334 0.5231481481481481 0.033854166666666664 0.03148148148148148
0 0.9 0.49027777777777776 0.035416666666666666 0.030555555555555555
0 0.8541666666666666 0.4824074074074074 0.03854166666666667 0.03333333333333333
0 0.7567708333333333 0.5523148148148148 0.03854166666666667 0.032407407407407406
0 0.7067708333333333 0.5449074074074074 0.036458333333333336 0.030555555555555555
0 0.7619791666666667 0.5050925925925925 0.0375 0.032407407407407406
0 0.6997395833333333 0.4976851851851852 0.04010416666666667 0.032407407407407406
0 0.3807291666666667 0.1087962962962963 0.017708333333333333 0.06759259259259259
0 0.46927083333333336 0.26064814814814813 0.015625 0.06759259259259259
0 0.42890625 0.28703703703703703 0.0171875 0.06481481481481481
0 0.40520833333333334 0.324537037037037 0.015625 0.06574074074074074
0 0.4953125 0.6273148148148148 0.01875 0.06388888888888888
0 0.43125 0.6291666666666667 0.01875 0.0712962962962963
0 0.4078125 0.5805555555555556 0.017708333333333333 0.07222222222222222
0 0.46901041666666665 0.5148148148148148 0.0171875 0.06851851851851852
0 0.5106770833333333 0.39537037037037037 0.0234375 0.2518518518518518
0 0.4591145833333333 0.9486111111111111 0.022395833333333334 0.09907407407407408
0 0.50703125 0.9694444444444444 0.016145833333333335 0.05740740740740741
0 0.7786458333333334 0.45925925925925926 0.09791666666666667 0.05925925925925926
0 0.16432291666666668 0.6939814814814815 0.058854166666666666 0.04722222222222222
0 0.42916666666666664 0.4615740740740741 0.014583333333333334 0.06759259259259259
0 0.22239583333333332 0.6222222222222222 0.0375 0.037037037037037035
0 0.2234375 0.6703703703703704 0.0375 0.03518518518518519
0 0.34479166666666666 0.7083333333333334 0.0375 0.040740740740740744
0 0.42578125 0.825462962962963 0.018229166666666668 0.06944444444444445
0 0.47682291666666665 0.7560185185185185 0.018229166666666668 0.06944444444444445
0 0.98828125 0.5180555555555556 0.0234375 0.03425925925925926
0 0.6971354166666667 0.45092592592592595 0.05677083333333333 0.037037037037037035
