0 0.43307291666666664 0.6013888888888889 0.016145833333333335 0.062037037037037036
0 0.41041666666666665 0.6587962962962963 0.017708333333333333 0.0712962962962963
0 0.47682291666666665 0.6050925925925926 0.016145833333333335 0.06759259259259259
0 0.48385416666666664 0.7856481481481481 0.017708333333333333 0.06574074074074074
0 0.5130208333333334 0.9120370370370371 0.01875 0.07037037037037037
0 0.4674479166666667 0.9537037037037037 0.019270833333333334 0.07407407407407407
0 0.13619791666666667 0.6805555555555556 0.03802083333333333 0.03518518518518519
0 0.19270833333333334 0.6555555555555556 0.0375 0.04259259259259259
0 0.23880208333333333 0.6273148148148148 0.0390625 0.03796296296296296
0 0.22213541666666667 0.6986111111111111 0.03802083333333333 0.03981481481481482
0 0.2875 0.4898148148148148 0.03333333333333333 0.05
0 0.5057291666666667 0.7069444444444445 0.01875 0.06944444444444445
0 0.7869791666666667 0.45185185185185184 0.036458333333333336 0.027777777777777776
0 0.82109375 0.5138888888888888 0.0390625 0.02962962962962963
0 0.8401041666666667 0.5597222222222222 0.03854166666666667 0.028703703703703703
0 0.6981770833333333 0.538425925925926 0.0359375 0.028703703703703703
0 0.70625 0.49537037037037035 0.0375 0.03148148148148148
0 0.5997395833333333 0.4203703703703704 0.0390625 0.037037037037037035
0 0.5458333333333333 0.3768518518518518 0.034375 0.05185185185185185
0 0.49166666666666664 0.3902777777777778 0.017708333333333333 0.06388888888888888
0 0.40234375 0.33194444444444443 0.018229166666666668 0.06388888888888888
0 0.4236979166666667 0.2935185185185185 0.015104166666666667 0.06481481481481481
0 0.39557291666666666 0.16527777777777777 0.018229166666666668 0.06018518518518518
0 0.4200520833333333 0.09444444444444444 0.0171875 0.07222222222222222
0 0.9658854166666667 0.3611111111111111 0.058854166666666666 0.040740740740740744
0 0.08723958333333333 0.5486111111111112 0.05572916666666667 0.05092592592592592
0 0.98515625 0.5435185185185185 0.027604166666666666 0.03518518518518519
