0 0.4765625 0.9435185185185185 0.021875 0.07222222222222222
0 0.21484375 0.6611111111111111 0.05260416666666667 0.05185185185185185
0 0.057291666666666664 0.7412037037037037 0.11145833333333334 0.09166666666666666
0 0.9692708333333333 0.34444444444444444 0.058333333333333334 0.04259259259259259
0 0.7046875 0.5356481481481481 0.0375 0.032407407407407406
0 0.14322916666666666 0.6972222222222222 0.036458333333333336 0.03888888888888889
0 0.21510416666666668 0.7189814814814814 0.04375 0.03981481481481482
0 0.15416666666666667 0.7458333333333333 0.035416666666666666 0.03796296296296296
0 0.10416666666666667 0.7699074074074074 0.03854166666666667 0.03981481481481482
0 0.48802083333333335 0.7819444444444444 0.019791666666666666 0.075
0 0.43255208333333334 0.6620370370370371 0.016145833333333335 0.06481481481481481
0 0.4127604166666667 0.7041666666666667 0.0171875 0.06574074074074074
0 0.07994791666666666 0.6518518518518519 0.03802083333333333 0.04259259259259259
0 0.36380208333333336 0.3101851851851852 0.016145833333333335 0.06111111111111111
0 0.3963541666666667 0.3425925925925926 0.017708333333333333 0.06481481481481481
0 0.4109375 0.03425925925925926 0.015625 0.06666666666666667
0 0.453125 0.08888888888888889 0.016666666666666666 0.06296296296296296
0 0.4744791666666667 0.2273148148148148 0.015625 0.06388888888888888
0 0.5111979166666667 0.21388888888888888 0.018229166666666668 0.07037037037037037
0 0.425 0.4351851851851852 0.016666666666666666 0.06851851851851852
0 0.40625 0.5444444444444444 0.016666666666666666 0.06296296296296296
0 0.47421875 0.49444444444444446 0.0171875 0.06296296296296296
0 0.3143229166666667 0.7300925925925926 0.10364583333333334 0.05092592592592592
0 0.41328125 0.913425925925926 0.0328125 0.1638888888888889
