0 0.05677083333333333 0.7388888888888889 0.10833333333333334 0.0962962962962963
0 0.475 0.9435185185185185 0.019791666666666666 0.07037037037037037
0 0.8440104166666667 0.6416666666666667 0.03802083333333333 0.03518518518518519
0 0.96640625 0.3416666666666667 0.06302083333333333 0.04814814814814815
0 0.26588541666666665 0.7379629629629629 0.1046875 0.08148148148148149
0 0.70390625 0.5342592592592592 0.0359375 0.03333333333333333
0 0.3932291666666667 0.49722222222222223 0.03229166666666667 0.26481481481481484
0 0.50859375 0.5847222222222223 0.027604166666666666 0.262037037037037
0 0.44817708333333334 0.05787037037037037 0.0171875 0.06944444444444445
0 0.4127604166666667 0.12175925925925926 0.0171875 0.06388888888888888
0 0.42473958333333334 0.4398148148148148 0.016145833333333335 0.06481481481481481
0 0.3651041666666667 0.31527777777777777 0.016666666666666666 0.06759259259259259
0 0.13854166666666667 0.6925925925925925 0.03854166666666667 0.037037037037037035
0 0.2140625 0.6546296296296297 0.052083333333333336 0.053703703703703705
0 0.029427083333333333 0.8050925925925926 0.034895833333333334 0.041666666666666664
0 0.11692708333333333 0.7587962962962963 0.0359375 0.03611111111111111
0 0.21614583333333334 0.7125 0.03958333333333333 0.03611111111111111
0 0.43776041666666665 0.8527777777777777 0.022395833333333334 0.07962962962962963
0 0.4864583333333333 0.774537037037037 0.019791666666666666 0.06944444444444445
0 0.5190104166666667 0.8949074074074074 0.018229166666666668 0.075
